$ANSIBLE_VAULT;1.1;AES256
63663630613430313735663763646438626262373565643837383663623334653932663463643439
3539343463653564343865353935356237306234303564620a366237393731626339383339666339
61366238616537643965343534653839653265343464326435353736326362666362613032343138
3461633666646561650a386636396364633964383466383836666535393331323338646462336133
66353166363830383437393838656336353262663964366564376430333365353263346532396164
65333135653666613134663065386661313462386231626565396338363538656565663466343732
65663031613463616465373331373861386134326563306662386462343138393663343737653364
33313265626331313732346664376639366531356439376232396538623464316263373132343463
66326237393763613861373666656461343033656632393539303962343639376531383264616635
37656634373766346233373765393433373039613832336564336664626436656633656630646638
64346263336639653561643662393830393335613232313535613339643837316238633366363462
38633530303164343237306438396637656332316238336136303962323938366234333334623335
39376133336434303231643764613739383763303632303137663439393039353237663835653630
37646636383364356437346636313730396638643263333338616566386538373566313364353030
30653762316234363035353937636336653036303839653939663462656636643564363861373132
36616233663661623732623132326230663064633438663938343365373933653031393266646663
62383665623432363139663431346463666235653531363063366238653164613830313931323038
33353361393764653561363634613337613230626336373838653465343934613939663137653239
61303632373066643334383736313930653035396561396637626431626666303639333561643639
66623665643030616166356339663763326237623662333464373965636633313933666135613463
38393366663636646163636335646661623762626461303434643966313432303535373835306234
63306566643766366331383264336536366537376264643630653366626166316262303138353336
35306264313563353136343239663562353339376534393335393733643562643663393435636261
61653432633830653138643730323435306639343361633930663739633966356264666332633366
61306136616331653631326565613766396365303163313331393339313564333064623933616335
35323664353038393739616230353836306162386137393932666432353463336638633532393130
63363366373762323237346337333332303736626335323166643932373438353761376635353037
33313134383138353964
